83.312241;1994.743652 
93.710449;1998.216064 
100.422157;2001.038574 
105.265274;2003.565186 
109.029152;2005.931641 
112.112907;2008.201538 
114.740265;2010.408569 
117.046478;2012.572510 
119.118111;2014.705566 
121.013176;2016.815796 
122.772003;2018.908447 
124.423515;2020.987549 
125.988976;2023.055786 
127.484383;2025.115234 
128.921997;2027.167603 
130.311371;2029.214111 
131.660065;2031.255493 
132.974152;2033.292725 
134.258530;2035.326294 
135.517227;2037.356812 
83.312241;1994.743652 
93.710449;1998.216064 
100.422157;2001.038574 
105.265274;2003.565186 
109.029152;2005.931641 
112.112907;2008.201538 
114.740265;2010.408569 
117.046478;2012.572510 
119.118111;2014.705566 
121.013176;2016.815796 
122.772003;2018.908447 
124.423515;2020.987549 
125.988976;2023.055786 
127.484383;2025.115234 
128.921997;2027.167603 
130.311371;2029.214111 
131.660065;2031.255493 
132.974152;2033.292725 
134.258530;2035.326294 
135.517227;2037.356812 
83.312241;1994.743652 
93.710449;1998.216064 
100.422157;2001.038574 
105.265274;2003.565186 
109.029152;2005.931641 
112.112907;2008.201538 
114.740265;2010.408569 
117.046478;2012.572510 
119.118111;2014.705566 
121.013176;2016.815796 
122.772003;2018.908447 
124.423515;2020.987549 
125.988976;2023.055786 
127.484383;2025.115234 
128.921997;2027.167603 
130.311371;2029.214111 
131.660065;2031.255493 
132.974152;2033.292725 
134.258530;2035.326294 
135.517227;2037.356812 
83.312241;1994.743652 
93.710449;1998.216064 
100.422157;2001.038574 
105.265274;2003.565186 
109.029152;2005.931641 
112.112907;2008.201538 
114.740265;2010.408569 
117.046478;2012.572510 
119.118111;2014.705566 
121.013176;2016.815796 
122.772003;2018.908447 
124.423515;2020.987549 
125.988976;2023.055786 
127.484383;2025.115234 
128.921997;2027.167603 
130.311371;2029.214111 
131.660065;2031.255493 
132.974152;2033.292725 
134.258530;2035.326294 
135.517227;2037.356812 
83.312241;1994.743652 
93.710449;1998.216064 
100.422157;2001.038574 
105.265274;2003.565186 
109.029152;2005.931641 
112.112907;2008.201538 
114.740265;2010.408569 
117.046478;2012.572510 
119.118111;2014.705566 
121.013176;2016.815796 
122.772003;2018.908447 
124.423515;2020.987549 
125.988976;2023.055786 
127.484383;2025.115234 
128.921997;2027.167603 
130.311371;2029.214111 
131.660065;2031.255493 
132.974152;2033.292725 
134.258530;2035.326294 
135.517227;2037.356812 
83.312241;1994.743652 
93.710449;1998.216064 
100.422157;2001.038574 
105.265274;2003.565186 
109.029152;2005.931641 
112.112907;2008.201538 
114.740265;2010.408569 
117.046478;2012.572510 
119.118111;2014.705566 
121.013176;2016.815796 
122.772003;2018.908447 
124.423515;2020.987549 
125.988976;2023.055786 
127.484383;2025.115234 
128.921997;2027.167603 
130.311371;2029.214111 
131.660065;2031.255493 
132.974152;2033.292725 
134.258530;2035.326294 
135.517227;2037.356812 
83.312241;1994.743652 
93.710449;1998.216064 
100.422157;2001.038574 
105.265274;2003.565186 
109.029152;2005.931641 
112.112907;2008.201538 
114.740265;2010.408569 
117.046478;2012.572510 
119.118111;2014.705566 
121.013176;2016.815796 
122.772003;2018.908447 
124.423515;2020.987549 
125.988976;2023.055786 
127.484383;2025.115234 
128.921997;2027.167603 
130.311371;2029.214111 
131.660065;2031.255493 
132.974152;2033.292725 
134.258530;2035.326294 
135.517227;2037.356812 
83.312241;1994.743652 
93.710449;1998.216064 
100.422157;2001.038574 
105.265274;2003.565186 
109.029152;2005.931641 
112.112907;2008.201538 
114.740265;2010.408569 
117.046478;2012.572510 
119.118111;2014.705566 
121.013176;2016.815796 
122.772003;2018.908447 
124.423515;2020.987549 
125.988976;2023.055786 
127.484383;2025.115234 
128.921997;2027.167603 
130.311371;2029.214111 
131.660065;2031.255493 
132.974152;2033.292725 
134.258530;2035.326294 
135.517227;2037.356812 
83.312241;1994.743652 
93.710449;1998.216064 
100.422157;2001.038574 
105.265274;2003.565186 
109.029152;2005.931641 
112.112907;2008.201538 
114.740265;2010.408569 
117.046478;2012.572510 
119.118111;2014.705566 
121.013176;2016.815796 
122.772003;2018.908447 
124.423515;2020.987549 
125.988976;2023.055786 
127.484383;2025.115234 
128.921997;2027.167603 
130.311371;2029.214111 
131.660065;2031.255493 
132.974152;2033.292725 
134.258530;2035.326294 
135.517227;2037.356812 
83.312241;1994.743652 
93.710449;1998.216064 
100.422157;2001.038574 
105.265274;2003.565186 
109.029152;2005.931641 
112.112907;2008.201538 
114.740265;2010.408569 
117.046478;2012.572510 
119.118111;2014.705566 
121.013176;2016.815796 
122.772003;2018.908447 
124.423515;2020.987549 
125.988976;2023.055786 
127.484383;2025.115234 
128.921997;2027.167603 
130.311371;2029.214111 
131.660065;2031.255493 
132.974152;2033.292725 
134.258530;2035.326294 
135.517227;2037.356812 
83.312241;1994.743652 
93.710449;1998.216064 
100.422157;2001.038574 
105.265274;2003.565186 
109.029152;2005.931641 
112.112907;2008.201538 
114.740265;2010.408569 
117.046478;2012.572510 
119.118111;2014.705566 
121.013176;2016.815796 
122.772003;2018.908447 
124.423515;2020.987549 
125.988976;2023.055786 
127.484383;2025.115234 
128.921997;2027.167603 
130.311371;2029.214111 
131.660065;2031.255493 
132.974152;2033.292725 
134.258530;2035.326294 
135.517227;2037.356812 
83.312241;1994.743652 
93.710449;1998.216064 
100.422157;2001.038574 
105.265274;2003.565186 
109.029152;2005.931641 
112.112907;2008.201538 
114.740265;2010.408569 
117.046478;2012.572510 
119.118111;2014.705566 
121.013176;2016.815796 
122.772003;2018.908447 
124.423515;2020.987549 
125.988976;2023.055786 
127.484383;2025.115234 
128.921997;2027.167603 
130.311371;2029.214111 
131.660065;2031.255493 
132.974152;2033.292725 
134.258530;2035.326294 
135.517227;2037.356812 
83.312241;1994.743652 
93.710449;1998.216064 
100.422157;2001.038574 
105.265274;2003.565186 
109.029152;2005.931641 
112.112907;2008.201538 
114.740265;2010.408569 
117.046478;2012.572510 
119.118111;2014.705566 
121.013176;2016.815796 
122.772003;2018.908447 
124.423515;2020.987549 
125.988976;2023.055786 
127.484383;2025.115234 
128.921997;2027.167603 
130.311371;2029.214111 
131.660065;2031.255493 
132.974152;2033.292725 
134.258530;2035.326294 
135.517227;2037.356812 
83.312241;1994.743652 
93.710449;1998.216064 
100.422157;2001.038574 
105.265274;2003.565186 
109.029152;2005.931641 
112.112907;2008.201538 
114.740265;2010.408569 
117.046478;2012.572510 
119.118111;2014.705566 
121.013176;2016.815796 
122.772003;2018.908447 
124.423515;2020.987549 
125.988976;2023.055786 
127.484383;2025.115234 
128.921997;2027.167603 
130.311371;2029.214111 
131.660065;2031.255493 
132.974152;2033.292725 
134.258530;2035.326294 
135.517227;2037.356812 
83.312241;1994.743652 
93.710449;1998.216064 
100.422157;2001.038574 
105.265274;2003.565186 
109.029152;2005.931641 
112.112907;2008.201538 
114.740265;2010.408569 
117.046478;2012.572510 
119.118111;2014.705566 
121.013176;2016.815796 
122.772003;2018.908447 
124.423515;2020.987549 
125.988976;2023.055786 
127.484383;2025.115234 
128.921997;2027.167603 
130.311371;2029.214111 
131.660065;2031.255493 
132.974152;2033.292725 
134.258530;2035.326294 
135.517227;2037.356812 
83.312241;1994.743652 
93.710449;1998.216064 
100.422157;2001.038574 
105.265274;2003.565186 
109.029152;2005.931641 
112.112907;2008.201538 
114.740265;2010.408569 
117.046478;2012.572510 
119.118111;2014.705566 
121.013176;2016.815796 
122.772003;2018.908447 
124.423515;2020.987549 
125.988976;2023.055786 
127.484383;2025.115234 
128.921997;2027.167603 
130.311371;2029.214111 
131.660065;2031.255493 
132.974152;2033.292725 
134.258530;2035.326294 
135.517227;2037.356812 
83.312241;1994.743652 
93.710449;1998.216064 
100.422157;2001.038574 
105.265274;2003.565186 
109.029152;2005.931641 
112.112907;2008.201538 
114.740265;2010.408569 
117.046478;2012.572510 
119.118111;2014.705566 
121.013176;2016.815796 
122.772003;2018.908447 
124.423515;2020.987549 
125.988976;2023.055786 
127.484383;2025.115234 
128.921997;2027.167603 
130.311371;2029.214111 
131.660065;2031.255493 
132.974152;2033.292725 
134.258530;2035.326294 
135.517227;2037.356812 
83.312241;1994.743652 
93.710449;1998.216064 
100.422157;2001.038574 
105.265274;2003.565186 
109.029152;2005.931641 
112.112907;2008.201538 
114.740265;2010.408569 
117.046478;2012.572510 
119.118111;2014.705566 
121.013176;2016.815796 
122.772003;2018.908447 
124.423515;2020.987549 
125.988976;2023.055786 
127.484383;2025.115234 
128.921997;2027.167603 
130.311371;2029.214111 
131.660065;2031.255493 
132.974152;2033.292725 
134.258530;2035.326294 
135.517227;2037.356812 
83.312241;1994.743652 
93.710449;1998.216064 
100.422157;2001.038574 
105.265274;2003.565186 
109.029152;2005.931641 
112.112907;2008.201538 
114.740265;2010.408569 
117.046478;2012.572510 
119.118111;2014.705566 
121.013176;2016.815796 
122.772003;2018.908447 
124.423515;2020.987549 
125.988976;2023.055786 
127.484383;2025.115234 
128.921997;2027.167603 
130.311371;2029.214111 
131.660065;2031.255493 
132.974152;2033.292725 
134.258530;2035.326294 
135.517227;2037.356812 
83.312241;1994.743652 
93.710449;1998.216064 
100.422157;2001.038574 
105.265274;2003.565186 
109.029152;2005.931641 
112.112907;2008.201538 
114.740265;2010.408569 
117.046478;2012.572510 
119.118111;2014.705566 
121.013176;2016.815796 
122.772003;2018.908447 
124.423515;2020.987549 
125.988976;2023.055786 
127.484383;2025.115234 
128.921997;2027.167603 
130.311371;2029.214111 
131.660065;2031.255493 
132.974152;2033.292725 
134.258530;2035.326294 
135.517227;2037.356812 
83.312241;1994.743652 
93.710449;1998.216064 
100.422157;2001.038574 
105.265274;2003.565186 
109.029152;2005.931641 
112.112907;2008.201538 
114.740265;2010.408569 
117.046478;2012.572510 
119.118111;2014.705566 
121.013176;2016.815796 
122.772003;2018.908447 
124.423515;2020.987549 
125.988976;2023.055786 
127.484383;2025.115234 
128.921997;2027.167603 
130.311371;2029.214111 
131.660065;2031.255493 
132.974152;2033.292725 
134.258530;2035.326294 
135.517227;2037.356812 
83.312241;1994.743652 
93.710449;1998.216064 
100.422157;2001.038574 
105.265274;2003.565186 
109.029152;2005.931641 
112.112907;2008.201538 
114.740265;2010.408569 
117.046478;2012.572510 
119.118111;2014.705566 
121.013176;2016.815796 
122.772003;2018.908447 
124.423515;2020.987549 
125.988976;2023.055786 
127.484383;2025.115234 
128.921997;2027.167603 
130.311371;2029.214111 
131.660065;2031.255493 
132.974152;2033.292725 
134.258530;2035.326294 
135.517227;2037.356812 
